808520.0000 0.0000 1.0000
808525.0000 0.0000 1.0000
808530.0000 2.0000 1.4142
808535.0000 15.0000 3.8730
808540.0000 43.0000 6.5574
808545.0000 101.0000 10.0499
808550.0000 113.0000 10.6301
808555.0000 158.0000 12.5698
808560.0000 202.0000 14.2127
808565.0000 202.0000 14.2127
808570.0000 207.0000 14.3875
808575.0000 183.0000 13.5277
808580.0000 184.0000 13.5647
808585.0000 133.0000 11.5326
808590.0000 118.0000 10.8628
808595.0000 68.0000 8.2462
808600.0000 24.0000 4.8990
808605.0000 9.0000 3.0000
808610.0000 3.0000 1.7321
808615.0000 1.0000 1.0000
808620.0000 0.0000 1.0000
