808490.0000 0.0000 1.0000
808495.0000 1.0000 1.0000
808500.0000 1.0000 1.0000
808505.0000 0.0000 1.0000
808510.0000 2.0000 1.4142
808515.0000 0.0000 1.0000
808520.0000 1.0000 1.0000
808525.0000 1.0000 1.0000
808530.0000 2.0000 1.4142
808535.0000 3.0000 1.7321
808540.0000 13.0000 3.6056
808545.0000 19.0000 4.3589
808550.0000 45.0000 6.7082
808555.0000 50.0000 7.0711
808560.0000 56.0000 7.4833
808565.0000 60.0000 7.7460
808570.0000 57.0000 7.5498
808575.0000 63.0000 7.9373
808580.0000 64.0000 8.0000
808585.0000 57.0000 7.5498
808590.0000 45.0000 6.7082
808595.0000 32.0000 5.6569
808600.0000 20.0000 4.4721
808605.0000 8.0000 2.8284
808610.0000 1.0000 1.0000
808615.0000 1.0000 1.0000
808620.0000 1.0000 1.0000
808625.0000 0.0000 1.0000
808630.0000 0.0000 1.0000
808635.0000 0.0000 1.0000
808640.0000 0.0000 1.0000
808645.0000 0.0000 1.0000
808650.0000 0.0000 1.0000
