808510.0000 1.0000 1.0000
808513.0000 4.0000 2.0000
808516.0000 9.0000 3.0000
808519.0000 12.0000 3.4641
808522.0000 20.0000 4.4721
808525.0000 44.0000 6.6332
808528.0000 47.0000 6.8557
808531.0000 45.0000 6.7082
808534.0000 84.0000 9.1652
808537.0000 57.0000 7.5498
808540.0000 64.0000 8.0000
808543.0000 62.0000 7.8740
808546.0000 63.0000 7.9373
808549.0000 59.0000 7.6811
808552.0000 66.0000 8.1240
808555.0000 63.0000 7.9373
808558.0000 64.0000 8.0000
808561.0000 71.0000 8.4261
808564.0000 56.0000 7.4833
808567.0000 75.0000 8.6603
808570.0000 70.0000 8.3666
808573.0000 70.0000 8.3666
808576.0000 57.0000 7.5498
808579.0000 59.0000 7.6811
808582.0000 76.0000 8.7178
808585.0000 63.0000 7.9373
808588.0000 64.0000 8.0000
808591.0000 59.0000 7.6811
808594.0000 45.0000 6.7082
808597.0000 52.0000 7.2111
808600.0000 52.0000 7.2111
808603.0000 43.0000 6.5574
808606.0000 36.0000 6.0000
808609.0000 23.0000 4.7958
808612.0000 35.0000 5.9161
808615.0000 34.0000 5.8310
808618.0000 16.0000 4.0000
808621.0000 14.0000 3.7417
808624.0000 5.0000 2.2361
808627.0000 11.0000 3.3166
808630.0000 2.0000 1.4142
