808505.0000 0.0000 1.0000
808510.0000 0.0000 1.0000
808515.0000 0.0000 1.0000
808520.0000 0.0000 1.0000
808525.0000 3.0000 1.7321
808530.0000 9.0000 3.0000
808535.0000 11.0000 3.3166
808540.0000 41.0000 6.4031
808545.0000 85.0000 9.2195
808550.0000 91.0000 9.5394
808555.0000 95.0000 9.7468
808560.0000 117.0000 10.8167
808565.0000 103.0000 10.1489
808570.0000 120.0000 10.9545
808575.0000 133.0000 11.5326
808580.0000 136.0000 11.6619
808585.0000 106.0000 10.2956
808590.0000 115.0000 10.7238
808595.0000 62.0000 7.8740
808600.0000 35.0000 5.9161
808605.0000 7.0000 2.6458
808610.0000 4.0000 2.0000
808615.0000 1.0000 1.0000
808620.0000 0.0000 1.0000
808625.0000 1.0000 1.0000
808630.0000 0.0000 1.0000
808635.0000 0.0000 1.0000
