808544.0000 1.0000 1.0000
808546.0000 1.0000 1.0000
808548.0000 4.0000 2.0000
808550.0000 2.0000 1.4142
808552.0000 2.0000 1.4142
808554.0000 5.0000 2.2361
808556.0000 5.0000 2.2361
808558.0000 14.0000 3.7417
808560.0000 31.0000 5.5678
808562.0000 31.0000 5.5678
808564.0000 53.0000 7.2801
808566.0000 117.0000 10.8167
808568.0000 107.0000 10.3441
808570.0000 109.0000 10.4403
808572.0000 79.0000 8.8882
808574.0000 57.0000 7.5498
808576.0000 25.0000 5.0000
808578.0000 14.0000 3.7417
808580.0000 3.0000 1.7321
808582.0000 3.0000 1.7321
808584.0000 2.0000 1.4142
808586.0000 1.0000 1.0000
808588.0000 1.0000 1.0000
808590.0000 0.0000 1.0000
808592.0000 0.0000 1.0000
808594.0000 1.0000 1.0000
