808510.0000 0.0000 1.0000
808513.0000 0.0000 1.0000
808516.0000 0.0000 1.0000
808519.0000 0.0000 1.0000
808522.0000 0.0000 1.0000
808525.0000 0.0000 1.0000
808528.0000 0.0000 1.0000
808531.0000 3.0000 1.7321
808534.0000 3.0000 1.7321
808537.0000 9.0000 3.0000
808540.0000 17.0000 4.1231
808543.0000 39.0000 6.2450
808546.0000 62.0000 7.8740
808549.0000 78.0000 8.8318
808552.0000 91.0000 9.5394
808555.0000 117.0000 10.8167
808558.0000 89.0000 9.4340
808561.0000 117.0000 10.8167
808564.0000 98.0000 9.8995
808567.0000 125.0000 11.1803
808570.0000 118.0000 10.8628
808573.0000 106.0000 10.2956
808576.0000 126.0000 11.2250
808579.0000 111.0000 10.5357
808582.0000 92.0000 9.5917
808585.0000 60.0000 7.7460
808588.0000 68.0000 8.2462
808591.0000 57.0000 7.5498
808594.0000 47.0000 6.8557
808597.0000 19.0000 4.3589
808600.0000 13.0000 3.6056
808603.0000 2.0000 1.4142
808606.0000 4.0000 2.0000
808609.0000 0.0000 1.0000
808612.0000 0.0000 1.0000
808615.0000 0.0000 1.0000
808618.0000 0.0000 1.0000
808621.0000 1.0000 1.0000
808624.0000 1.0000 1.0000
808627.0000 0.0000 1.0000
808630.0000 0.0000 1.0000
