808510.0000 0.0000 1.0000
808515.0000 1.0000 1.0000
808520.0000 0.0000 1.0000
808525.0000 2.0000 1.4142
808530.0000 2.0000 1.4142
808535.0000 1.0000 1.0000
808540.0000 2.0000 1.4142
808545.0000 12.0000 3.4641
808550.0000 28.0000 5.2915
808555.0000 67.0000 8.1854
808560.0000 92.0000 9.5917
808565.0000 123.0000 11.0905
808570.0000 118.0000 10.8628
808575.0000 106.0000 10.2956
808580.0000 66.0000 8.1240
808585.0000 45.0000 6.7082
808590.0000 15.0000 3.8730
808595.0000 4.0000 2.0000
808600.0000 1.0000 1.0000
808605.0000 2.0000 1.4142
808610.0000 0.0000 1.0000
808615.0000 2.0000 1.4142
808620.0000 0.0000 1.0000
808625.0000 0.0000 1.0000
808630.0000 0.0000 1.0000
