808505.0000 0.0000 1.0000
808510.0000 0.0000 1.0000
808515.0000 1.0000 1.0000
808520.0000 1.0000 1.0000
808525.0000 2.0000 1.4142
808530.0000 0.0000 1.0000
808535.0000 0.0000 1.0000
808540.0000 2.0000 1.4142
808545.0000 16.0000 4.0000
808550.0000 55.0000 7.4162
808555.0000 92.0000 9.5917
808560.0000 152.0000 12.3288
808565.0000 184.0000 13.5647
808570.0000 145.0000 12.0416
808575.0000 172.0000 13.1149
808580.0000 110.0000 10.4881
808585.0000 64.0000 8.0000
808590.0000 28.0000 5.2915
808595.0000 11.0000 3.3166
808600.0000 0.0000 1.0000
808605.0000 1.0000 1.0000
808610.0000 0.0000 1.0000
808615.0000 0.0000 1.0000
808620.0000 0.0000 1.0000
808625.0000 1.0000 1.0000
808630.0000 0.0000 1.0000
808635.0000 2.0000 1.4142
