808540.0000 2.0000 1.4142
808543.0000 1.0000 1.0000
808546.0000 4.0000 2.0000
808549.0000 13.0000 3.6056
808552.0000 24.0000 4.8990
808555.0000 31.0000 5.5678
808558.0000 81.0000 9.0000
808561.0000 94.0000 9.6954
808564.0000 123.0000 11.0905
808567.0000 171.0000 13.0767
808570.0000 139.0000 11.7898
808573.0000 116.0000 10.7703
808576.0000 80.0000 8.9443
808579.0000 67.0000 8.1854
808582.0000 23.0000 4.7958
808585.0000 12.0000 3.4641
808588.0000 8.0000 2.8284
808591.0000 3.0000 1.7321
808594.0000 0.0000 1.0000
808597.0000 1.0000 1.0000
808600.0000 1.0000 1.0000
