808498.0000 5.0000 2.2361
808501.0000 2.0000 1.4142
808504.0000 6.0000 2.4495
808507.0000 2.0000 1.4142
808510.0000 3.0000 1.7321
808513.0000 3.0000 1.7321
808516.0000 2.0000 1.4142
808519.0000 5.0000 2.2361
808522.0000 2.0000 1.4142
808525.0000 11.0000 3.3166
808528.0000 7.0000 2.6458
808531.0000 11.0000 3.3166
808534.0000 8.0000 2.8284
808537.0000 22.0000 4.6904
808540.0000 25.0000 5.0000
808543.0000 46.0000 6.7823
808546.0000 45.0000 6.7082
808549.0000 61.0000 7.8102
808552.0000 65.0000 8.0623
808555.0000 110.0000 10.4881
808558.0000 117.0000 10.8167
808561.0000 112.0000 10.5830
808564.0000 124.0000 11.1355
808567.0000 108.0000 10.3923
808570.0000 114.0000 10.6771
808573.0000 107.0000 10.3441
808576.0000 128.0000 11.3137
808579.0000 109.0000 10.4403
808582.0000 101.0000 10.0499
808585.0000 82.0000 9.0554
808588.0000 66.0000 8.1240
808591.0000 42.0000 6.4807
808594.0000 30.0000 5.4772
808597.0000 19.0000 4.3589
808600.0000 9.0000 3.0000
808603.0000 10.0000 3.1623
808606.0000 6.0000 2.4495
808609.0000 9.0000 3.0000
808612.0000 5.0000 2.2361
808615.0000 3.0000 1.7321
808618.0000 3.0000 1.7321
808621.0000 5.0000 2.2361
808624.0000 4.0000 2.0000
808627.0000 3.0000 1.7321
808630.0000 1.0000 1.0000
808633.0000 2.0000 1.4142
808636.0000 1.0000 1.0000
808639.0000 2.0000 1.4142
