808505.0000 0.0000 1.0000
808510.0000 1.0000 1.0000
808515.0000 1.0000 1.0000
808520.0000 6.0000 2.4495
808525.0000 1.0000 1.0000
808530.0000 3.0000 1.7321
808535.0000 2.0000 1.4142
808540.0000 8.0000 2.8284
808545.0000 4.0000 2.0000
808550.0000 6.0000 2.4495
808555.0000 45.0000 6.7082
808560.0000 110.0000 10.4881
808565.0000 103.0000 10.1489
808570.0000 109.0000 10.4403
808575.0000 106.0000 10.2956
808580.0000 78.0000 8.8318
808585.0000 25.0000 5.0000
808590.0000 10.0000 3.1623
808595.0000 3.0000 1.7321
808600.0000 2.0000 1.4142
808605.0000 0.0000 1.0000
808610.0000 0.0000 1.0000
808615.0000 2.0000 1.4142
808620.0000 1.0000 1.0000
808625.0000 2.0000 1.4142
808630.0000 1.0000 1.0000
808635.0000 1.0000 1.0000
