808440.0000 2.0000 1.4142
808450.0000 0.0000 1.0000
808460.0000 4.0000 2.0000
808470.0000 1.0000 1.0000
808480.0000 5.0000 2.2361
808490.0000 10.0000 3.1623
808500.0000 11.0000 3.3166
808510.0000 32.0000 5.6569
808520.0000 54.0000 7.3485
808530.0000 139.0000 11.7898
808540.0000 165.0000 12.8452
808550.0000 152.0000 12.3288
808560.0000 177.0000 13.3041
808570.0000 157.0000 12.5300
808580.0000 173.0000 13.1529
808590.0000 153.0000 12.3693
808600.0000 182.0000 13.4907
808610.0000 110.0000 10.4881
808620.0000 63.0000 7.9373
808630.0000 16.0000 4.0000
808640.0000 12.0000 3.4641
808650.0000 3.0000 1.7321
808660.0000 3.0000 1.7321
808670.0000 2.0000 1.4142
808680.0000 2.0000 1.4142
808690.0000 1.0000 1.0000
808700.0000 1.0000 1.0000
