808528.0000 1.0000 1.0000
808531.0000 0.0000 1.0000
808534.0000 2.0000 1.4142
808537.0000 2.0000 1.4142
808540.0000 1.0000 1.0000
808543.0000 0.0000 1.0000
808546.0000 3.0000 1.7321
808549.0000 3.0000 1.7321
808552.0000 3.0000 1.7321
808555.0000 0.0000 1.0000
808558.0000 4.0000 2.0000
808561.0000 9.0000 3.0000
808564.0000 36.0000 6.0000
808567.0000 74.0000 8.6023
808570.0000 57.0000 7.5498
808573.0000 24.0000 4.8990
808576.0000 8.0000 2.8284
808579.0000 6.0000 2.4495
808582.0000 1.0000 1.0000
808585.0000 2.0000 1.4142
808588.0000 3.0000 1.7321
808591.0000 0.0000 1.0000
808594.0000 1.0000 1.0000
808597.0000 1.0000 1.0000
808600.0000 1.0000 1.0000
808603.0000 3.0000 1.7321
808606.0000 1.0000 1.0000
808609.0000 1.0000 1.0000
