808510.0000 4.0000 2.0000
808513.0000 1.0000 1.0000
808516.0000 3.0000 1.7321
808519.0000 2.0000 1.4142
808522.0000 2.0000 1.4142
808525.0000 2.0000 1.4142
808528.0000 5.0000 2.2361
808531.0000 5.0000 2.2361
808534.0000 6.0000 2.4495
808537.0000 7.0000 2.6458
808540.0000 7.0000 2.6458
808543.0000 13.0000 3.6056
808546.0000 29.0000 5.3852
808549.0000 45.0000 6.7082
808552.0000 66.0000 8.1240
808555.0000 96.0000 9.7980
808558.0000 96.0000 9.7980
808561.0000 114.0000 10.6771
808564.0000 138.0000 11.7473
808567.0000 134.0000 11.5758
808570.0000 132.0000 11.4891
808573.0000 131.0000 11.4455
808576.0000 119.0000 10.9087
808579.0000 107.0000 10.3441
808582.0000 74.0000 8.6023
808585.0000 63.0000 7.9373
808588.0000 44.0000 6.6332
808591.0000 23.0000 4.7958
808594.0000 8.0000 2.8284
808597.0000 7.0000 2.6458
808600.0000 3.0000 1.7321
808603.0000 1.0000 1.0000
808606.0000 11.0000 3.3166
808609.0000 3.0000 1.7321
808612.0000 3.0000 1.7321
808615.0000 3.0000 1.7321
808618.0000 2.0000 1.4142
808621.0000 3.0000 1.7321
808624.0000 1.0000 1.0000
808627.0000 2.0000 1.4142
808630.0000 4.0000 2.0000
