808430.0000 2.0000 1.4142
808440.0000 1.0000 1.0000
808450.0000 2.0000 1.4142
808460.0000 2.0000 1.4142
808470.0000 1.0000 1.0000
808480.0000 0.0000 1.0000
808490.0000 7.0000 2.6458
808500.0000 17.0000 4.1231
808510.0000 23.0000 4.7958
808520.0000 35.0000 5.9161
808530.0000 40.0000 6.3246
808540.0000 44.0000 6.6332
808550.0000 43.0000 6.5574
808560.0000 36.0000 6.0000
808570.0000 46.0000 6.7823
808580.0000 39.0000 6.2450
808590.0000 44.0000 6.6332
808600.0000 44.0000 6.6332
808610.0000 46.0000 6.7823
808620.0000 35.0000 5.9161
808630.0000 25.0000 5.0000
808640.0000 12.0000 3.4641
808650.0000 6.0000 2.4495
808660.0000 3.0000 1.7321
808670.0000 1.0000 1.0000
808680.0000 1.0000 1.0000
808690.0000 0.0000 1.0000
808700.0000 1.0000 1.0000
808710.0000 1.0000 1.0000
