808515.0000 3.0000 1.7321
808520.0000 3.0000 1.7321
808525.0000 4.0000 2.0000
808530.0000 3.0000 1.7321
808535.0000 4.0000 2.0000
808540.0000 7.0000 2.6458
808545.0000 5.0000 2.2361
808550.0000 13.0000 3.6056
808555.0000 55.0000 7.4162
808560.0000 110.0000 10.4881
808565.0000 132.0000 11.4891
808570.0000 112.0000 10.5830
808575.0000 136.0000 11.6619
808580.0000 99.0000 9.9499
808585.0000 31.0000 5.5678
808590.0000 10.0000 3.1623
808595.0000 6.0000 2.4495
808600.0000 5.0000 2.2361
808605.0000 1.0000 1.0000
808610.0000 1.0000 1.0000
808615.0000 2.0000 1.4142
808620.0000 2.0000 1.4142
808625.0000 3.0000 1.7321
