808470.0000 0.0000 1.0000
808480.0000 0.0000 1.0000
808490.0000 2.0000 1.4142
808500.0000 1.0000 1.0000
808510.0000 1.0000 1.0000
808520.0000 3.0000 1.7321
808530.0000 14.0000 3.7417
808540.0000 35.0000 5.9161
808550.0000 106.0000 10.2956
808560.0000 132.0000 11.4891
808570.0000 139.0000 11.7898
808580.0000 107.0000 10.3441
808590.0000 107.0000 10.3441
808600.0000 34.0000 5.8310
808610.0000 7.0000 2.6458
808620.0000 7.0000 2.6458
808630.0000 3.0000 1.7321
808640.0000 2.0000 1.4142
808650.0000 1.0000 1.0000
808660.0000 2.0000 1.4142
808670.0000 0.0000 1.0000
