808540.0000 2.0000 1.4142
808543.0000 3.0000 1.7321
808546.0000 0.0000 1.0000
808549.0000 0.0000 1.0000
808552.0000 1.0000 1.0000
808555.0000 3.0000 1.7321
808558.0000 2.0000 1.4142
808561.0000 7.0000 2.6458
808564.0000 14.0000 3.7417
808567.0000 51.0000 7.1414
808570.0000 49.0000 7.0000
808573.0000 16.0000 4.0000
808576.0000 7.0000 2.6458
808579.0000 5.0000 2.2361
808582.0000 4.0000 2.0000
808585.0000 3.0000 1.7321
808588.0000 1.0000 1.0000
808591.0000 1.0000 1.0000
808594.0000 1.0000 1.0000
808597.0000 0.0000 1.0000
808600.0000 0.0000 1.0000
