808500.0000 4.0000 2.0000
808505.0000 2.0000 1.4142
808510.0000 1.0000 1.0000
808515.0000 1.0000 1.0000
808520.0000 3.0000 1.7321
808525.0000 5.0000 2.2361
808530.0000 6.0000 2.4495
808535.0000 11.0000 3.3166
808540.0000 12.0000 3.4641
808545.0000 36.0000 6.0000
808550.0000 69.0000 8.3066
808555.0000 120.0000 10.9545
808560.0000 141.0000 11.8743
808565.0000 166.0000 12.8841
808570.0000 127.0000 11.2694
808575.0000 133.0000 11.5326
808580.0000 134.0000 11.5758
808585.0000 96.0000 9.7980
808590.0000 60.0000 7.7460
808595.0000 17.0000 4.1231
808600.0000 5.0000 2.2361
808605.0000 6.0000 2.4495
808610.0000 3.0000 1.7321
808615.0000 2.0000 1.4142
808620.0000 2.0000 1.4142
808625.0000 0.0000 1.0000
808630.0000 0.0000 1.0000
808635.0000 0.0000 1.0000
808640.0000 1.0000 1.0000
