808410.0000 1.0000 1.0000
808420.0000 1.0000 1.0000
808430.0000 3.0000 1.7321
808440.0000 4.0000 2.0000
808450.0000 4.0000 2.0000
808460.0000 6.0000 2.4495
808470.0000 7.0000 2.6458
808480.0000 9.0000 3.0000
808490.0000 27.0000 5.1962
808500.0000 31.0000 5.5678
808510.0000 73.0000 8.5440
808520.0000 97.0000 9.8489
808530.0000 143.0000 11.9583
808540.0000 130.0000 11.4018
808550.0000 130.0000 11.4018
808560.0000 146.0000 12.0830
808570.0000 136.0000 11.6619
808580.0000 117.0000 10.8167
808590.0000 125.0000 11.1803
808600.0000 133.0000 11.5326
808610.0000 112.0000 10.5830
808620.0000 103.0000 10.1489
808630.0000 71.0000 8.4261
808640.0000 36.0000 6.0000
808650.0000 14.0000 3.7417
808660.0000 4.0000 2.0000
808670.0000 3.0000 1.7321
808680.0000 3.0000 1.7321
808690.0000 5.0000 2.2361
808700.0000 3.0000 1.7321
808710.0000 2.0000 1.4142
808720.0000 1.0000 1.0000
808730.0000 2.0000 1.4142
