808500.0000 3.0000 1.7321
808505.0000 2.0000 1.4142
808510.0000 3.0000 1.7321
808515.0000 3.0000 1.7321
808520.0000 9.0000 3.0000
808525.0000 34.0000 5.8310
808530.0000 55.0000 7.4162
808535.0000 94.0000 9.6954
808540.0000 137.0000 11.7047
808545.0000 126.0000 11.2250
808550.0000 149.0000 12.2066
808555.0000 147.0000 12.1244
808560.0000 148.0000 12.1655
808565.0000 161.0000 12.6886
808570.0000 148.0000 12.1655
808575.0000 161.0000 12.6886
808580.0000 135.0000 11.6190
808585.0000 153.0000 12.3693
808590.0000 148.0000 12.1655
808595.0000 116.0000 10.7703
808600.0000 133.0000 11.5326
808605.0000 85.0000 9.2195
808610.0000 50.0000 7.0711
808615.0000 16.0000 4.0000
808620.0000 13.0000 3.6056
808625.0000 8.0000 2.8284
808630.0000 4.0000 2.0000
808635.0000 2.0000 1.4142
808640.0000 1.0000 1.0000
