808460.0000 0.0000 1.0000
808470.0000 3.0000 1.7321
808480.0000 1.0000 1.0000
808490.0000 1.0000 1.0000
808500.0000 2.0000 1.4142
808510.0000 2.0000 1.4142
808520.0000 10.0000 3.1623
808530.0000 8.0000 2.8284
808540.0000 47.0000 6.8557
808550.0000 102.0000 10.0995
808560.0000 113.0000 10.6301
808570.0000 139.0000 11.7898
808580.0000 141.0000 11.8743
808590.0000 92.0000 9.5917
808600.0000 39.0000 6.2450
808610.0000 5.0000 2.2361
808620.0000 4.0000 2.0000
808630.0000 7.0000 2.6458
808640.0000 6.0000 2.4495
808650.0000 0.0000 1.0000
808660.0000 4.0000 2.0000
808670.0000 2.0000 1.4142
808680.0000 2.0000 1.4142
