808480.0000 3.0000 1.7321
808490.0000 1.0000 1.0000
808500.0000 1.0000 1.0000
808510.0000 4.0000 2.0000
808520.0000 4.0000 2.0000
808530.0000 22.0000 4.6904
808540.0000 68.0000 8.2462
808550.0000 95.0000 9.7468
808560.0000 125.0000 11.1803
808570.0000 137.0000 11.7047
808580.0000 149.0000 12.2066
808590.0000 103.0000 10.1489
808600.0000 54.0000 7.3485
808610.0000 12.0000 3.4641
808620.0000 4.0000 2.0000
808630.0000 8.0000 2.8284
808640.0000 1.0000 1.0000
808650.0000 3.0000 1.7321
808660.0000 0.0000 1.0000
