808460.0000 1.0000 1.0000
808470.0000 4.0000 2.0000
808480.0000 1.0000 1.0000
808490.0000 3.0000 1.7321
808500.0000 10.0000 3.1623
808510.0000 28.0000 5.2915
808520.0000 53.0000 7.2801
808530.0000 85.0000 9.2195
808540.0000 117.0000 10.8167
808550.0000 115.0000 10.7238
808560.0000 124.0000 11.1355
808570.0000 134.0000 11.5758
808580.0000 110.0000 10.4881
808590.0000 123.0000 11.0905
808600.0000 107.0000 10.3441
808610.0000 76.0000 8.7178
808620.0000 40.0000 6.3246
808630.0000 19.0000 4.3589
808640.0000 4.0000 2.0000
808650.0000 2.0000 1.4142
808660.0000 8.0000 2.8284
808670.0000 2.0000 1.4142
808680.0000 2.0000 1.4142
