808519.0000 5.0000 2.2361
808522.0000 3.0000 1.7321
808525.0000 10.0000 3.1623
808528.0000 8.0000 2.8284
808531.0000 19.0000 4.3589
808534.0000 12.0000 3.4641
808537.0000 39.0000 6.2450
808540.0000 50.0000 7.0711
808543.0000 71.0000 8.4261
808546.0000 86.0000 9.2736
808549.0000 92.0000 9.5917
808552.0000 126.0000 11.2250
808555.0000 125.0000 11.1803
808558.0000 139.0000 11.7898
808561.0000 134.0000 11.5758
808564.0000 126.0000 11.2250
808567.0000 138.0000 11.7473
808570.0000 135.0000 11.6190
808573.0000 117.0000 10.8167
808576.0000 130.0000 11.4018
808579.0000 138.0000 11.7473
808582.0000 112.0000 10.5830
808585.0000 113.0000 10.6301
808588.0000 108.0000 10.3923
808591.0000 79.0000 8.8882
808594.0000 58.0000 7.6158
808597.0000 50.0000 7.0711
808600.0000 49.0000 7.0000
808603.0000 23.0000 4.7958
808606.0000 16.0000 4.0000
808609.0000 4.0000 2.0000
808612.0000 7.0000 2.6458
808615.0000 2.0000 1.4142
808618.0000 5.0000 2.2361
