808460.0000 3.0000 1.7321
808470.0000 0.0000 1.0000
808480.0000 1.0000 1.0000
808490.0000 0.0000 1.0000
808500.0000 1.0000 1.0000
808510.0000 5.0000 2.2361
808520.0000 9.0000 3.0000
808530.0000 28.0000 5.2915
808540.0000 72.0000 8.4853
808550.0000 113.0000 10.6301
808560.0000 103.0000 10.1489
808570.0000 109.0000 10.4403
808580.0000 119.0000 10.9087
808590.0000 111.0000 10.5357
808600.0000 75.0000 8.6603
808610.0000 38.0000 6.1644
808620.0000 6.0000 2.4495
808630.0000 1.0000 1.0000
808640.0000 1.0000 1.0000
808650.0000 1.0000 1.0000
808660.0000 1.0000 1.0000
808670.0000 1.0000 1.0000
808680.0000 1.0000 1.0000
