808540.0000 0.0000 1.0000
808543.0000 0.0000 1.0000
808546.0000 0.0000 1.0000
808549.0000 3.0000 1.7321
808552.0000 5.0000 2.2361
808555.0000 3.0000 1.7321
808558.0000 4.0000 2.0000
808561.0000 13.0000 3.6056
808564.0000 44.0000 6.6332
808567.0000 87.0000 9.3274
808570.0000 77.0000 8.7750
808573.0000 43.0000 6.5574
808576.0000 29.0000 5.3852
808579.0000 3.0000 1.7321
808582.0000 5.0000 2.2361
808585.0000 1.0000 1.0000
808588.0000 3.0000 1.7321
808591.0000 1.0000 1.0000
808594.0000 1.0000 1.0000
808597.0000 0.0000 1.0000
808600.0000 0.0000 1.0000
