808290.0000 9.0000 3.0000
808310.0000 7.0000 2.6458
808330.0000 16.0000 4.0000
808350.0000 14.0000 3.7417
808370.0000 15.0000 3.8730
808390.0000 20.0000 4.4721
808410.0000 28.0000 5.2915
808430.0000 32.0000 5.6569
808450.0000 54.0000 7.3485
808470.0000 50.0000 7.0711
808490.0000 48.0000 6.9282
808510.0000 69.0000 8.3066
808530.0000 83.0000 9.1104
808550.0000 79.0000 8.8882
808570.0000 96.0000 9.7980
808590.0000 91.0000 9.5394
808610.0000 65.0000 8.0623
808630.0000 65.0000 8.0623
808650.0000 44.0000 6.6332
808670.0000 43.0000 6.5574
808690.0000 29.0000 5.3852
808710.0000 16.0000 4.0000
808730.0000 17.0000 4.1231
808750.0000 12.0000 3.4641
808770.0000 18.0000 4.2426
808790.0000 10.0000 3.1623
808810.0000 16.0000 4.0000
808830.0000 11.0000 3.3166
