808519.0000 0.0000 1.0000
808522.0000 1.0000 1.0000
808525.0000 1.0000 1.0000
808528.0000 2.0000 1.4142
808531.0000 3.0000 1.7321
808534.0000 4.0000 2.0000
808537.0000 2.0000 1.4142
808540.0000 1.0000 1.0000
808543.0000 6.0000 2.4495
808546.0000 11.0000 3.3166
808549.0000 5.0000 2.2361
808552.0000 30.0000 5.4772
808555.0000 48.0000 6.9282
808558.0000 59.0000 7.6811
808561.0000 101.0000 10.0499
808564.0000 116.0000 10.7703
808567.0000 135.0000 11.6190
808570.0000 138.0000 11.7473
808573.0000 89.0000 9.4340
808576.0000 95.0000 9.7468
808579.0000 103.0000 10.1489
808582.0000 40.0000 6.3246
808585.0000 19.0000 4.3589
808588.0000 7.0000 2.6458
808591.0000 5.0000 2.2361
808594.0000 7.0000 2.6458
808597.0000 5.0000 2.2361
808600.0000 4.0000 2.0000
808603.0000 2.0000 1.4142
808606.0000 4.0000 2.0000
808609.0000 2.0000 1.4142
808612.0000 2.0000 1.4142
808615.0000 7.0000 2.6458
808618.0000 0.0000 1.0000
