808528.0000 1.0000 1.0000
808531.0000 0.0000 1.0000
808534.0000 0.0000 1.0000
808537.0000 0.0000 1.0000
808540.0000 1.0000 1.0000
808543.0000 1.0000 1.0000
808546.0000 0.0000 1.0000
808549.0000 5.0000 2.2361
808552.0000 3.0000 1.7321
808555.0000 5.0000 2.2361
808558.0000 5.0000 2.2361
808561.0000 19.0000 4.3589
808564.0000 48.0000 6.9282
808567.0000 102.0000 10.0995
808570.0000 90.0000 9.4868
808573.0000 46.0000 6.7823
808576.0000 19.0000 4.3589
808579.0000 11.0000 3.3166
808582.0000 1.0000 1.0000
808585.0000 2.0000 1.4142
808588.0000 2.0000 1.4142
808591.0000 3.0000 1.7321
808594.0000 3.0000 1.7321
808597.0000 1.0000 1.0000
808600.0000 1.0000 1.0000
808603.0000 0.0000 1.0000
808606.0000 0.0000 1.0000
808609.0000 1.0000 1.0000
