808430.0000 3.0000 1.7321
808440.0000 2.0000 1.4142
808450.0000 4.0000 2.0000
808460.0000 3.0000 1.7321
808470.0000 10.0000 3.1623
808480.0000 23.0000 4.7958
808490.0000 52.0000 7.2111
808500.0000 52.0000 7.2111
808510.0000 105.0000 10.2470
808520.0000 130.0000 11.4018
808530.0000 135.0000 11.6190
808540.0000 137.0000 11.7047
808550.0000 126.0000 11.2250
808560.0000 135.0000 11.6190
808570.0000 132.0000 11.4891
808580.0000 142.0000 11.9164
808590.0000 128.0000 11.3137
808600.0000 126.0000 11.2250
808610.0000 142.0000 11.9164
808620.0000 110.0000 10.4881
808630.0000 94.0000 9.6954
808640.0000 56.0000 7.4833
808650.0000 31.0000 5.5678
808660.0000 18.0000 4.2426
808670.0000 6.0000 2.4495
808680.0000 5.0000 2.2361
808690.0000 3.0000 1.7321
808700.0000 3.0000 1.7321
