808470.0000 3.0000 1.7321
808480.0000 6.0000 2.4495
808490.0000 5.0000 2.2361
808500.0000 16.0000 4.0000
808510.0000 41.0000 6.4031
808520.0000 64.0000 8.0000
808530.0000 107.0000 10.3441
808540.0000 129.0000 11.3578
808550.0000 140.0000 11.8322
808560.0000 133.0000 11.5326
808570.0000 116.0000 10.7703
808580.0000 132.0000 11.4891
808590.0000 110.0000 10.4881
808600.0000 124.0000 11.1355
808610.0000 95.0000 9.7468
808620.0000 48.0000 6.9282
808630.0000 32.0000 5.6569
808640.0000 9.0000 3.0000
808650.0000 6.0000 2.4495
808660.0000 3.0000 1.7321
