808528.0000 2.0000 1.4142
808531.0000 0.0000 1.0000
808534.0000 6.0000 2.4495
808537.0000 3.0000 1.7321
808540.0000 8.0000 2.8284
808543.0000 7.0000 2.6458
808546.0000 6.0000 2.4495
808549.0000 13.0000 3.6056
808552.0000 39.0000 6.2450
808555.0000 66.0000 8.1240
808558.0000 113.0000 10.6301
808561.0000 139.0000 11.7898
808564.0000 167.0000 12.9228
808567.0000 200.0000 14.1421
808570.0000 160.0000 12.6491
808573.0000 173.0000 13.1529
808576.0000 144.0000 12.0000
808579.0000 129.0000 11.3578
808582.0000 71.0000 8.4261
808585.0000 40.0000 6.3246
808588.0000 15.0000 3.8730
808591.0000 7.0000 2.6458
808594.0000 5.0000 2.2361
808597.0000 8.0000 2.8284
808600.0000 3.0000 1.7321
808603.0000 4.0000 2.0000
808606.0000 2.0000 1.4142
808609.0000 2.0000 1.4142
