808504.0000 3.0000 1.7321
808507.0000 4.0000 2.0000
808510.0000 2.0000 1.4142
808513.0000 3.0000 1.7321
808516.0000 5.0000 2.2361
808519.0000 2.0000 1.4142
808522.0000 1.0000 1.0000
808525.0000 4.0000 2.0000
808528.0000 3.0000 1.7321
808531.0000 6.0000 2.4495
808534.0000 7.0000 2.6458
808537.0000 7.0000 2.6458
808540.0000 19.0000 4.3589
808543.0000 35.0000 5.9161
808546.0000 49.0000 7.0000
808549.0000 62.0000 7.8740
808552.0000 99.0000 9.9499
808555.0000 110.0000 10.4881
808558.0000 139.0000 11.7898
808561.0000 147.0000 12.1244
808564.0000 137.0000 11.7047
808567.0000 134.0000 11.5758
808570.0000 122.0000 11.0454
808573.0000 132.0000 11.4891
808576.0000 141.0000 11.8743
808579.0000 120.0000 10.9545
808582.0000 118.0000 10.8628
808585.0000 95.0000 9.7468
808588.0000 69.0000 8.3066
808591.0000 49.0000 7.0000
808594.0000 26.0000 5.0990
808597.0000 15.0000 3.8730
808600.0000 15.0000 3.8730
808603.0000 4.0000 2.0000
808606.0000 6.0000 2.4495
808609.0000 7.0000 2.6458
808612.0000 3.0000 1.7321
808615.0000 5.0000 2.2361
808618.0000 4.0000 2.0000
808621.0000 0.0000 1.0000
808624.0000 3.0000 1.7321
808627.0000 2.0000 1.4142
808630.0000 2.0000 1.4142
808633.0000 1.0000 1.0000
