808528.0000 0.0000 1.0000
808531.0000 0.0000 1.0000
808534.0000 2.0000 1.4142
808537.0000 0.0000 1.0000
808540.0000 0.0000 1.0000
808543.0000 0.0000 1.0000
808546.0000 0.0000 1.0000
808549.0000 1.0000 1.0000
808552.0000 1.0000 1.0000
808555.0000 1.0000 1.0000
808558.0000 3.0000 1.7321
808561.0000 9.0000 3.0000
808564.0000 26.0000 5.0990
808567.0000 58.0000 7.6158
808570.0000 42.0000 6.4807
808573.0000 24.0000 4.8990
808576.0000 9.0000 3.0000
808579.0000 5.0000 2.2361
808582.0000 5.0000 2.2361
808585.0000 3.0000 1.7321
808588.0000 0.0000 1.0000
808591.0000 1.0000 1.0000
808594.0000 0.0000 1.0000
808597.0000 1.0000 1.0000
808600.0000 0.0000 1.0000
808603.0000 1.0000 1.0000
808606.0000 0.0000 1.0000
808609.0000 0.0000 1.0000
