808410.0000 1.0000 1.0000
808420.0000 1.0000 1.0000
808430.0000 2.0000 1.4142
808440.0000 3.0000 1.7321
808450.0000 5.0000 2.2361
808460.0000 2.0000 1.4142
808470.0000 4.0000 2.0000
808480.0000 12.0000 3.4641
808490.0000 46.0000 6.7823
808500.0000 51.0000 7.1414
808510.0000 71.0000 8.4261
808520.0000 85.0000 9.2195
808530.0000 71.0000 8.4261
808540.0000 92.0000 9.5917
808550.0000 71.0000 8.4261
808560.0000 91.0000 9.5394
808570.0000 92.0000 9.5917
808580.0000 78.0000 8.8318
808590.0000 103.0000 10.1489
808600.0000 103.0000 10.1489
808610.0000 78.0000 8.8318
808620.0000 79.0000 8.8882
808630.0000 72.0000 8.4853
808640.0000 59.0000 7.6811
808650.0000 32.0000 5.6569
808660.0000 7.0000 2.6458
808670.0000 10.0000 3.1623
808680.0000 1.0000 1.0000
808690.0000 3.0000 1.7321
808700.0000 2.0000 1.4142
808710.0000 0.0000 1.0000
808720.0000 2.0000 1.4142
808730.0000 2.0000 1.4142
