808440.0000 1.0000 1.0000
808450.0000 0.0000 1.0000
808460.0000 3.0000 1.7321
808470.0000 1.0000 1.0000
808480.0000 3.0000 1.7321
808490.0000 7.0000 2.6458
808500.0000 14.0000 3.7417
808510.0000 40.0000 6.3246
808520.0000 85.0000 9.2195
808530.0000 103.0000 10.1489
808540.0000 100.0000 10.0000
808550.0000 129.0000 11.3578
808560.0000 131.0000 11.4455
808570.0000 114.0000 10.6771
808580.0000 97.0000 9.8489
808590.0000 116.0000 10.7703
808600.0000 109.0000 10.4403
808610.0000 100.0000 10.0000
808620.0000 66.0000 8.1240
808630.0000 36.0000 6.0000
808640.0000 8.0000 2.8284
808650.0000 6.0000 2.4495
808660.0000 4.0000 2.0000
808670.0000 3.0000 1.7321
808680.0000 1.0000 1.0000
808690.0000 2.0000 1.4142
808700.0000 1.0000 1.0000
