808525.0000 5.0000 2.2361
808530.0000 2.0000 1.4142
808535.0000 0.0000 1.0000
808540.0000 6.0000 2.4495
808545.0000 13.0000 3.6056
808550.0000 36.0000 6.0000
808555.0000 96.0000 9.7980
808560.0000 123.0000 11.0905
808565.0000 133.0000 11.5326
808570.0000 126.0000 11.2250
808575.0000 134.0000 11.5758
808580.0000 97.0000 9.8489
808585.0000 52.0000 7.2111
808590.0000 19.0000 4.3589
808595.0000 4.0000 2.0000
808600.0000 1.0000 1.0000
808605.0000 0.0000 1.0000
808610.0000 1.0000 1.0000
808615.0000 0.0000 1.0000
