808513.0000 1.0000 1.0000
808516.0000 0.0000 1.0000
808519.0000 0.0000 1.0000
808522.0000 1.0000 1.0000
808525.0000 1.0000 1.0000
808528.0000 0.0000 1.0000
808531.0000 1.0000 1.0000
808534.0000 2.0000 1.4142
808537.0000 7.0000 2.6458
808540.0000 6.0000 2.4495
808543.0000 15.0000 3.8730
808546.0000 31.0000 5.5678
808549.0000 61.0000 7.8102
808552.0000 72.0000 8.4853
808555.0000 89.0000 9.4340
808558.0000 120.0000 10.9545
808561.0000 106.0000 10.2956
808564.0000 123.0000 11.0905
808567.0000 123.0000 11.0905
808570.0000 122.0000 11.0454
808573.0000 123.0000 11.0905
808576.0000 120.0000 10.9545
808579.0000 102.0000 10.0995
808582.0000 120.0000 10.9545
808585.0000 71.0000 8.4261
808588.0000 47.0000 6.8557
808591.0000 21.0000 4.5826
808594.0000 9.0000 3.0000
808597.0000 3.0000 1.7321
808600.0000 2.0000 1.4142
808603.0000 2.0000 1.4142
808606.0000 2.0000 1.4142
808609.0000 3.0000 1.7321
808612.0000 2.0000 1.4142
808615.0000 0.0000 1.0000
808618.0000 1.0000 1.0000
808621.0000 1.0000 1.0000
808624.0000 0.0000 1.0000
