808310.0000 6.0000 2.4495
808330.0000 6.0000 2.4495
808350.0000 4.0000 2.0000
808370.0000 14.0000 3.7417
808390.0000 9.0000 3.0000
808410.0000 13.0000 3.6056
808430.0000 12.0000 3.4641
808450.0000 18.0000 4.2426
808470.0000 27.0000 5.1962
808490.0000 58.0000 7.6158
808510.0000 61.0000 7.8102
808530.0000 61.0000 7.8102
808550.0000 61.0000 7.8102
808570.0000 71.0000 8.4261
808590.0000 72.0000 8.4853
808610.0000 61.0000 7.8102
808630.0000 47.0000 6.8557
808650.0000 38.0000 6.1644
808670.0000 22.0000 4.6904
808690.0000 30.0000 5.4772
808710.0000 26.0000 5.0990
808730.0000 20.0000 4.4721
808750.0000 12.0000 3.4641
808770.0000 16.0000 4.0000
808790.0000 11.0000 3.3166
808810.0000 17.0000 4.1231
