808540.0000 1.0000 1.0000
808543.0000 2.0000 1.4142
808546.0000 0.0000 1.0000
808549.0000 1.0000 1.0000
808552.0000 1.0000 1.0000
808555.0000 5.0000 2.2361
808558.0000 6.0000 2.4495
808561.0000 14.0000 3.7417
808564.0000 39.0000 6.2450
808567.0000 44.0000 6.6332
808570.0000 48.0000 6.9282
808573.0000 40.0000 6.3246
808576.0000 16.0000 4.0000
808579.0000 2.0000 1.4142
808582.0000 5.0000 2.2361
808585.0000 2.0000 1.4142
808588.0000 1.0000 1.0000
808591.0000 0.0000 1.0000
808594.0000 1.0000 1.0000
808597.0000 1.0000 1.0000
808600.0000 2.0000 1.4142
