808420.0000 0.0000 1.0000
808430.0000 0.0000 1.0000
808440.0000 0.0000 1.0000
808450.0000 0.0000 1.0000
808460.0000 6.0000 2.4495
808470.0000 24.0000 4.8990
808480.0000 64.0000 8.0000
808490.0000 109.0000 10.4403
808500.0000 132.0000 11.4891
808510.0000 126.0000 11.2250
808520.0000 117.0000 10.8167
808530.0000 114.0000 10.6771
808540.0000 131.0000 11.4455
808550.0000 132.0000 11.4891
808560.0000 115.0000 10.7238
808570.0000 118.0000 10.8628
808580.0000 128.0000 11.3137
808590.0000 119.0000 10.9087
808600.0000 116.0000 10.7703
808610.0000 125.0000 11.1803
808620.0000 114.0000 10.6771
808630.0000 107.0000 10.3441
808640.0000 66.0000 8.1240
808650.0000 39.0000 6.2450
808660.0000 14.0000 3.7417
808670.0000 10.0000 3.1623
808680.0000 2.0000 1.4142
808690.0000 2.0000 1.4142
808700.0000 2.0000 1.4142
808710.0000 0.0000 1.0000
808720.0000 0.0000 1.0000
