808360.0000 6.0000 2.4495
808375.0000 4.0000 2.0000
808390.0000 5.0000 2.2361
808405.0000 5.0000 2.2361
808420.0000 5.0000 2.2361
808435.0000 11.0000 3.3166
808450.0000 11.0000 3.3166
808465.0000 14.0000 3.7417
808480.0000 12.0000 3.4641
808495.0000 14.0000 3.7417
808510.0000 15.0000 3.8730
808525.0000 15.0000 3.8730
808540.0000 35.0000 5.9161
808555.0000 36.0000 6.0000
808570.0000 47.0000 6.8557
808585.0000 40.0000 6.3246
808600.0000 33.0000 5.7446
808615.0000 31.0000 5.5678
808630.0000 15.0000 3.8730
808645.0000 11.0000 3.3166
808660.0000 11.0000 3.3166
808675.0000 8.0000 2.8284
808690.0000 12.0000 3.4641
808705.0000 9.0000 3.0000
808720.0000 4.0000 2.0000
808735.0000 4.0000 2.0000
808750.0000 8.0000 2.8284
808765.0000 11.0000 3.3166
