808450.0000 3.0000 1.7321
808460.0000 2.0000 1.4142
808470.0000 7.0000 2.6458
808480.0000 10.0000 3.1623
808490.0000 9.0000 3.0000
808500.0000 40.0000 6.3246
808510.0000 85.0000 9.2195
808520.0000 83.0000 9.1104
808530.0000 112.0000 10.5830
808540.0000 124.0000 11.1355
808550.0000 125.0000 11.1803
808560.0000 127.0000 11.2694
808570.0000 138.0000 11.7473
808580.0000 104.0000 10.1980
808590.0000 119.0000 10.9087
808600.0000 127.0000 11.2694
808610.0000 119.0000 10.9087
808620.0000 105.0000 10.2470
808630.0000 71.0000 8.4261
808640.0000 52.0000 7.2111
808650.0000 12.0000 3.4641
808660.0000 6.0000 2.4495
808670.0000 5.0000 2.2361
808680.0000 5.0000 2.2361
808690.0000 3.0000 1.7321
