808528.0000 0.0000 1.0000
808531.0000 0.0000 1.0000
808534.0000 1.0000 1.0000
808537.0000 1.0000 1.0000
808540.0000 0.0000 1.0000
808543.0000 0.0000 1.0000
808546.0000 1.0000 1.0000
808549.0000 2.0000 1.4142
808552.0000 3.0000 1.7321
808555.0000 5.0000 2.2361
808558.0000 8.0000 2.8284
808561.0000 17.0000 4.1231
808564.0000 38.0000 6.1644
808567.0000 61.0000 7.8102
808570.0000 44.0000 6.6332
808573.0000 34.0000 5.8310
808576.0000 16.0000 4.0000
808579.0000 6.0000 2.4495
808582.0000 4.0000 2.0000
808585.0000 1.0000 1.0000
808588.0000 0.0000 1.0000
808591.0000 0.0000 1.0000
808594.0000 0.0000 1.0000
808597.0000 2.0000 1.4142
808600.0000 0.0000 1.0000
808603.0000 1.0000 1.0000
808606.0000 2.0000 1.4142
808609.0000 0.0000 1.0000
