808510.0000 0.0000 1.0000
808513.0000 1.0000 1.0000
808516.0000 1.0000 1.0000
808519.0000 1.0000 1.0000
808522.0000 1.0000 1.0000
808525.0000 2.0000 1.4142
808528.0000 5.0000 2.2361
808531.0000 7.0000 2.6458
808534.0000 12.0000 3.4641
808537.0000 14.0000 3.7417
808540.0000 23.0000 4.7958
808543.0000 40.0000 6.3246
808546.0000 38.0000 6.1644
808549.0000 57.0000 7.5498
808552.0000 82.0000 9.0554
808555.0000 90.0000 9.4868
808558.0000 70.0000 8.3666
808561.0000 83.0000 9.1104
808564.0000 74.0000 8.6023
808567.0000 86.0000 9.2736
808570.0000 82.0000 9.0554
808573.0000 83.0000 9.1104
808576.0000 64.0000 8.0000
808579.0000 84.0000 9.1652
808582.0000 76.0000 8.7178
808585.0000 74.0000 8.6023
808588.0000 55.0000 7.4162
808591.0000 52.0000 7.2111
808594.0000 42.0000 6.4807
808597.0000 28.0000 5.2915
808600.0000 20.0000 4.4721
808603.0000 6.0000 2.4495
808606.0000 6.0000 2.4495
808609.0000 0.0000 1.0000
808612.0000 3.0000 1.7321
808615.0000 1.0000 1.0000
808618.0000 2.0000 1.4142
808621.0000 3.0000 1.7321
808624.0000 1.0000 1.0000
808627.0000 0.0000 1.0000
808630.0000 0.0000 1.0000
