808528.0000 1.0000 1.0000
808531.0000 1.0000 1.0000
808534.0000 2.0000 1.4142
808537.0000 2.0000 1.4142
808540.0000 0.0000 1.0000
808543.0000 0.0000 1.0000
808546.0000 0.0000 1.0000
808549.0000 3.0000 1.7321
808552.0000 5.0000 2.2361
808555.0000 8.0000 2.8284
808558.0000 21.0000 4.5826
808561.0000 48.0000 6.9282
808564.0000 86.0000 9.2736
808567.0000 101.0000 10.0499
808570.0000 97.0000 9.8489
808573.0000 97.0000 9.8489
808576.0000 48.0000 6.9282
808579.0000 16.0000 4.0000
808582.0000 3.0000 1.7321
808585.0000 4.0000 2.0000
808588.0000 2.0000 1.4142
808591.0000 2.0000 1.4142
808594.0000 1.0000 1.0000
808597.0000 1.0000 1.0000
808600.0000 1.0000 1.0000
808603.0000 2.0000 1.4142
808606.0000 0.0000 1.0000
808609.0000 1.0000 1.0000
