808410.0000 1.0000 1.0000
808420.0000 3.0000 1.7321
808430.0000 4.0000 2.0000
808440.0000 5.0000 2.2361
808450.0000 16.0000 4.0000
808460.0000 10.0000 3.1623
808470.0000 29.0000 5.3852
808480.0000 67.0000 8.1854
808490.0000 82.0000 9.0554
808500.0000 111.0000 10.5357
808510.0000 133.0000 11.5326
808520.0000 117.0000 10.8167
808530.0000 143.0000 11.9583
808540.0000 142.0000 11.9164
808550.0000 125.0000 11.1803
808560.0000 126.0000 11.2250
808570.0000 131.0000 11.4455
808580.0000 137.0000 11.7047
808590.0000 137.0000 11.7047
808600.0000 126.0000 11.2250
808610.0000 120.0000 10.9545
808620.0000 112.0000 10.5830
808630.0000 101.0000 10.0499
808640.0000 110.0000 10.4881
808650.0000 65.0000 8.0623
808660.0000 55.0000 7.4162
808670.0000 18.0000 4.2426
808680.0000 7.0000 2.6458
808690.0000 10.0000 3.1623
808700.0000 3.0000 1.7321
808710.0000 2.0000 1.4142
808720.0000 4.0000 2.0000
808730.0000 4.0000 2.0000
