808528.0000 0.0000 1.0000
808531.0000 0.0000 1.0000
808534.0000 0.0000 1.0000
808537.0000 0.0000 1.0000
808540.0000 2.0000 1.4142
808543.0000 2.0000 1.4142
808546.0000 3.0000 1.7321
808549.0000 2.0000 1.4142
808552.0000 3.0000 1.7321
808555.0000 8.0000 2.8284
808558.0000 15.0000 3.8730
808561.0000 36.0000 6.0000
808564.0000 90.0000 9.4868
808567.0000 112.0000 10.5830
808570.0000 107.0000 10.3441
808573.0000 93.0000 9.6437
808576.0000 38.0000 6.1644
808579.0000 12.0000 3.4641
808582.0000 6.0000 2.4495
808585.0000 5.0000 2.2361
808588.0000 2.0000 1.4142
808591.0000 0.0000 1.0000
808594.0000 1.0000 1.0000
808597.0000 1.0000 1.0000
808600.0000 2.0000 1.4142
808603.0000 0.0000 1.0000
808606.0000 0.0000 1.0000
808609.0000 0.0000 1.0000
