808520.0000 0.0000 1.0000
808525.0000 0.0000 1.0000
808530.0000 0.0000 1.0000
808535.0000 0.0000 1.0000
808540.0000 0.0000 1.0000
808545.0000 2.0000 1.4142
808550.0000 1.0000 1.0000
808555.0000 3.0000 1.7321
808560.0000 10.0000 3.1623
808565.0000 33.0000 5.7446
808570.0000 38.0000 6.1644
808575.0000 20.0000 4.4721
808580.0000 3.0000 1.7321
808585.0000 1.0000 1.0000
808590.0000 0.0000 1.0000
808595.0000 2.0000 1.4142
808600.0000 0.0000 1.0000
808605.0000 0.0000 1.0000
808610.0000 0.0000 1.0000
808615.0000 1.0000 1.0000
808620.0000 1.0000 1.0000
