808510.0000 0.0000 1.0000
808513.0000 1.0000 1.0000
808516.0000 0.0000 1.0000
808519.0000 0.0000 1.0000
808522.0000 3.0000 1.7321
808525.0000 1.0000 1.0000
808528.0000 3.0000 1.7321
808531.0000 5.0000 2.2361
808534.0000 2.0000 1.4142
808537.0000 3.0000 1.7321
808540.0000 1.0000 1.0000
808543.0000 3.0000 1.7321
808546.0000 8.0000 2.8284
808549.0000 8.0000 2.8284
808552.0000 24.0000 4.8990
808555.0000 48.0000 6.9282
808558.0000 55.0000 7.4162
808561.0000 75.0000 8.6603
808564.0000 78.0000 8.8318
808567.0000 84.0000 9.1652
808570.0000 111.0000 10.5357
808573.0000 97.0000 9.8489
808576.0000 79.0000 8.8882
808579.0000 72.0000 8.4853
808582.0000 50.0000 7.0711
808585.0000 37.0000 6.0828
808588.0000 16.0000 4.0000
808591.0000 2.0000 1.4142
808594.0000 7.0000 2.6458
808597.0000 7.0000 2.6458
808600.0000 1.0000 1.0000
808603.0000 3.0000 1.7321
808606.0000 2.0000 1.4142
808609.0000 5.0000 2.2361
808612.0000 3.0000 1.7321
808615.0000 1.0000 1.0000
808618.0000 2.0000 1.4142
808621.0000 0.0000 1.0000
808624.0000 2.0000 1.4142
808627.0000 0.0000 1.0000
808630.0000 2.0000 1.4142
