808540.0000 1.0000 1.0000
808543.0000 2.0000 1.4142
808546.0000 0.0000 1.0000
808549.0000 1.0000 1.0000
808552.0000 1.0000 1.0000
808555.0000 5.0000 2.2361
808558.0000 6.0000 2.4495
808561.0000 12.0000 3.4641
808564.0000 39.0000 6.2450
808567.0000 43.0000 6.5574
808570.0000 47.0000 6.8557
808573.0000 39.0000 6.2450
808576.0000 15.0000 3.8730
808579.0000 1.0000 1.0000
808582.0000 5.0000 2.2361
808585.0000 1.0000 1.0000
808588.0000 1.0000 1.0000
808591.0000 0.0000 1.0000
808594.0000 1.0000 1.0000
808597.0000 1.0000 1.0000
808600.0000 2.0000 1.4142
