808470.0000 1.0000 1.0000
808480.0000 2.0000 1.4142
808490.0000 1.0000 1.0000
808500.0000 6.0000 2.4495
808510.0000 13.0000 3.6056
808520.0000 20.0000 4.4721
808530.0000 99.0000 9.9499
808540.0000 108.0000 10.3923
808550.0000 150.0000 12.2474
808560.0000 141.0000 11.8743
808570.0000 143.0000 11.9583
808580.0000 140.0000 11.8322
808590.0000 131.0000 11.4455
808600.0000 133.0000 11.5326
808610.0000 58.0000 7.6158
808620.0000 14.0000 3.7417
808630.0000 7.0000 2.6458
808640.0000 4.0000 2.0000
808650.0000 3.0000 1.7321
808660.0000 3.0000 1.7321
808670.0000 1.0000 1.0000
