808510.0000 1.0000 1.0000
808515.0000 2.0000 1.4142
808520.0000 1.0000 1.0000
808525.0000 4.0000 2.0000
808530.0000 4.0000 2.0000
808535.0000 6.0000 2.4495
808540.0000 9.0000 3.0000
808545.0000 15.0000 3.8730
808550.0000 69.0000 8.3066
808555.0000 122.0000 11.0454
808560.0000 123.0000 11.0905
808565.0000 124.0000 11.1355
808570.0000 110.0000 10.4881
808575.0000 139.0000 11.7898
808580.0000 117.0000 10.8167
808585.0000 88.0000 9.3808
808590.0000 27.0000 5.1962
808595.0000 5.0000 2.2361
808600.0000 3.0000 1.7321
808605.0000 1.0000 1.0000
808610.0000 3.0000 1.7321
808615.0000 3.0000 1.7321
808620.0000 6.0000 2.4495
808625.0000 1.0000 1.0000
808630.0000 0.0000 1.0000
