808510.0000 1.0000 1.0000
808513.0000 1.0000 1.0000
808516.0000 0.0000 1.0000
808519.0000 1.0000 1.0000
808522.0000 2.0000 1.4142
808525.0000 1.0000 1.0000
808528.0000 0.0000 1.0000
808531.0000 2.0000 1.4142
808534.0000 2.0000 1.4142
808537.0000 7.0000 2.6458
808540.0000 12.0000 3.4641
808543.0000 25.0000 5.0000
808546.0000 61.0000 7.8102
808549.0000 65.0000 8.0623
808552.0000 86.0000 9.2736
808555.0000 99.0000 9.9499
808558.0000 97.0000 9.8489
808561.0000 79.0000 8.8882
808564.0000 117.0000 10.8167
808567.0000 103.0000 10.1489
808570.0000 110.0000 10.4881
808573.0000 97.0000 9.8489
808576.0000 111.0000 10.5357
808579.0000 94.0000 9.6954
808582.0000 78.0000 8.8318
808585.0000 90.0000 9.4868
808588.0000 73.0000 8.5440
808591.0000 49.0000 7.0000
808594.0000 36.0000 6.0000
808597.0000 27.0000 5.1962
808600.0000 10.0000 3.1623
808603.0000 6.0000 2.4495
808606.0000 3.0000 1.7321
808609.0000 6.0000 2.4495
808612.0000 0.0000 1.0000
808615.0000 3.0000 1.7321
808618.0000 1.0000 1.0000
808621.0000 0.0000 1.0000
808624.0000 0.0000 1.0000
808627.0000 2.0000 1.4142
808630.0000 0.0000 1.0000
