808490.0000 9.0000 3.0000
808495.0000 16.0000 4.0000
808500.0000 14.0000 3.7417
808505.0000 37.0000 6.0828
808510.0000 130.0000 11.4018
808515.0000 256.0000 16.0000
808520.0000 367.0000 19.1572
808525.0000 453.0000 21.2838
808530.0000 463.0000 21.5174
808535.0000 471.0000 21.7025
808540.0000 568.0000 23.8328
808545.0000 561.0000 23.6854
808550.0000 543.0000 23.3024
808555.0000 581.0000 24.1039
808560.0000 591.0000 24.3105
808565.0000 580.0000 24.0832
808570.0000 573.0000 23.9374
808575.0000 593.0000 24.3516
808580.0000 597.0000 24.4336
808585.0000 581.0000 24.1039
808590.0000 525.0000 22.9129
808595.0000 498.0000 22.3159
808600.0000 533.0000 23.0868
808605.0000 535.0000 23.1301
808610.0000 451.0000 21.2368
808615.0000 301.0000 17.3494
808620.0000 269.0000 16.4012
808625.0000 214.0000 14.6287
808630.0000 116.0000 10.7703
808635.0000 52.0000 7.2111
808640.0000 23.0000 4.7958
808645.0000 8.0000 2.8284
808650.0000 14.0000 3.7417
