808519.0000 5.0000 2.2361
808522.0000 3.0000 1.7321
808525.0000 5.0000 2.2361
808528.0000 9.0000 3.0000
808531.0000 7.0000 2.6458
808534.0000 5.0000 2.2361
808537.0000 11.0000 3.3166
808540.0000 10.0000 3.1623
808543.0000 15.0000 3.8730
808546.0000 28.0000 5.2915
808549.0000 65.0000 8.0623
808552.0000 144.0000 12.0000
808555.0000 189.0000 13.7477
808558.0000 270.0000 16.4317
808561.0000 296.0000 17.2047
808564.0000 313.0000 17.6918
808567.0000 308.0000 17.5499
808570.0000 331.0000 18.1934
808573.0000 295.0000 17.1756
808576.0000 313.0000 17.6918
808579.0000 297.0000 17.2337
808582.0000 196.0000 14.0000
808585.0000 123.0000 11.0905
808588.0000 54.0000 7.3485
808591.0000 21.0000 4.5826
808594.0000 13.0000 3.6056
808597.0000 11.0000 3.3166
808600.0000 7.0000 2.6458
808603.0000 4.0000 2.0000
808606.0000 6.0000 2.4495
808609.0000 2.0000 1.4142
808612.0000 2.0000 1.4142
808615.0000 5.0000 2.2361
808618.0000 0.0000 1.0000
