808410.0000 4.0000 2.0000
808420.0000 5.0000 2.2361
808430.0000 4.0000 2.0000
808440.0000 5.0000 2.2361
808450.0000 9.0000 3.0000
808460.0000 10.0000 3.1623
808470.0000 31.0000 5.5678
808480.0000 57.0000 7.5498
808490.0000 72.0000 8.4853
808500.0000 101.0000 10.0499
808510.0000 105.0000 10.2470
808520.0000 121.0000 11.0000
808530.0000 106.0000 10.2956
808540.0000 107.0000 10.3441
808550.0000 107.0000 10.3441
808560.0000 108.0000 10.3923
808570.0000 112.0000 10.5830
808580.0000 137.0000 11.7047
808590.0000 129.0000 11.3578
808600.0000 117.0000 10.8167
808610.0000 152.0000 12.3288
808620.0000 118.0000 10.8628
808630.0000 95.0000 9.7468
808640.0000 91.0000 9.5394
808650.0000 72.0000 8.4853
808660.0000 54.0000 7.3485
808670.0000 28.0000 5.2915
808680.0000 7.0000 2.6458
808690.0000 7.0000 2.6458
808700.0000 2.0000 1.4142
808710.0000 4.0000 2.0000
808720.0000 4.0000 2.0000
808730.0000 1.0000 1.0000
