808480.0000 5.0000 2.2361
808490.0000 1.0000 1.0000
808500.0000 2.0000 1.4142
808510.0000 12.0000 3.4641
808520.0000 30.0000 5.4772
808530.0000 86.0000 9.2736
808540.0000 132.0000 11.4891
808550.0000 129.0000 11.3578
808560.0000 138.0000 11.7473
808570.0000 135.0000 11.6190
808580.0000 127.0000 11.2694
808590.0000 117.0000 10.8167
808600.0000 111.0000 10.5357
808610.0000 60.0000 7.7460
808620.0000 16.0000 4.0000
808630.0000 6.0000 2.4495
808640.0000 3.0000 1.7321
808650.0000 1.0000 1.0000
808660.0000 0.0000 1.0000
