808460.0000 4.0000 2.0000
808470.0000 4.0000 2.0000
808480.0000 6.0000 2.4495
808490.0000 8.0000 2.8284
808500.0000 15.0000 3.8730
808510.0000 15.0000 3.8730
808520.0000 62.0000 7.8740
808530.0000 94.0000 9.6954
808540.0000 119.0000 10.9087
808550.0000 110.0000 10.4881
808560.0000 121.0000 11.0000
808570.0000 112.0000 10.5830
808580.0000 98.0000 9.8995
808590.0000 93.0000 9.6437
808600.0000 85.0000 9.2195
808610.0000 88.0000 9.3808
808620.0000 53.0000 7.2801
808630.0000 22.0000 4.6904
808640.0000 11.0000 3.3166
808650.0000 10.0000 3.1623
808660.0000 3.0000 1.7321
808670.0000 6.0000 2.4495
808680.0000 5.0000 2.2361
