808510.0000 4.0000 2.0000
808513.0000 6.0000 2.4495
808516.0000 9.0000 3.0000
808519.0000 10.0000 3.1623
808522.0000 17.0000 4.1231
808525.0000 29.0000 5.3852
808528.0000 36.0000 6.0000
808531.0000 45.0000 6.7082
808534.0000 64.0000 8.0000
808537.0000 99.0000 9.9499
808540.0000 100.0000 10.0000
808543.0000 131.0000 11.4455
808546.0000 152.0000 12.3288
808549.0000 139.0000 11.7898
808552.0000 179.0000 13.3791
808555.0000 131.0000 11.4455
808558.0000 176.0000 13.2665
808561.0000 136.0000 11.6619
808564.0000 143.0000 11.9583
808567.0000 161.0000 12.6886
808570.0000 159.0000 12.6095
808573.0000 147.0000 12.1244
808576.0000 153.0000 12.3693
808579.0000 171.0000 13.0767
808582.0000 168.0000 12.9615
808585.0000 131.0000 11.4455
808588.0000 146.0000 12.0830
808591.0000 127.0000 11.2694
808594.0000 120.0000 10.9545
808597.0000 109.0000 10.4403
808600.0000 89.0000 9.4340
808603.0000 80.0000 8.9443
808606.0000 57.0000 7.5498
808609.0000 32.0000 5.6569
808612.0000 22.0000 4.6904
808615.0000 13.0000 3.6056
808618.0000 6.0000 2.4495
808621.0000 9.0000 3.0000
808624.0000 8.0000 2.8284
808627.0000 4.0000 2.0000
808630.0000 2.0000 1.4142
